%YAML:1.0
---
image_width: 640
image_height: 480
camera_matrix: !!opencv-matrix
   rows: 3
   cols: 3
   dt: f
   data: [ 5.91142761e+02, 0., 3.17918579e+02, 0., 5.92516846e+02,
       2.51833908e+02, 0., 0., 1. ]
distortion_coefficients: !!opencv-matrix
   rows: 1
   cols: 5
   dt: f
   data: [ -2.29344338e-01, 7.88029134e-01, -2.90975790e-04,
       2.92281969e-04, -1.03467453e+00 ]